"x"
0.274347260646063
-0.0177434918458972
-0.108925032737064
-0.607783818968688
-0.510191378479501
-0.61306429934125
-0.633592610907429
-0.525696539001884
-0.61498890978365
-0.466732370523269
-0.305180462546411
-0.562229619850407
0.525304172511095
0.389536587321513
0.598021923353949
-0.552087115648893
-0.825459670396252
-0.902704282327838
-0.854661759222973
-0.689161821371472
-0.643511768623583
-0.640685815482928
-0.100331848808134
-0.128765122937701
-0.157863394141636
-0.118954333677729
0.108573706261895
-0.0356994169213299
0.122000192842546
-0.029676503537188
0.0317237742172389
0.155147508424199
-0.0180767920878722
0.00611033964754394
0.0377291540841395
0.034423733821314
-0.0826692044542652
-0.120308569497857
-0.19774621582879
0.102198864072034
0.669226222373046
0.00403879092060517
0.0921508600211059
-0.965207115039421
-0.95440802665318
-0.938900969424022
-0.966017547593359
-0.955361184463938
-0.940206277312749
0.609058202575891
-0.0103216842233446
0.0967393305199664
0.683762046463103
0.0166078634418512
0.0793492718974707
-0.0985870819600584
0.446206727733547
-0.721469908539694
-0.763609232749742
-0.968239871201476
-0.958592816013108
-0.944775940840858
-0.674768951348029
-0.866704392505228
-0.669100243301527
-0.504401651936594
0.542886549905516
-0.580674458607939
0.617818193775729
-0.343618301448707
0.330183502639498
-0.360744984572308
0.408875435293201
-0.428082912307475
0.453367251514286
-0.478049652346497
0.499489809797114
0.17568274446598
-0.108287775463795
0.0848488415988038
0.0789381220355816
0.0079481069090025
-0.00467469823628666
-0.63978102073413
-0.607971599340832
-0.762820240449202
-0.636851832334041
-0.594046436674004
-0.756511705504896
-0.699625727365398
-0.747833595469583
-0.818722317836936
0.616034393890846
0.684870159457075
0.739588241708783
-0.64699127583794
-0.850337515970628
-0.827254361855015
-0.930710203190173
-0.627489707225369
-0.659832855678513
-0.770833756877427
-0.0826069359182658
-0.0878825241379454
-0.127330544548232
-0.108572863267843
0.169659030981525
0.0676044397361048
0.126467828047418
-0.0727178062014458
0.0686944741749914
0.174527859893127
0.3143158162243
-0.0326917241350285
0.0886842849822925
-0.00103868688344055
0.138471148717396
-0.138122992805529
0.00302530439893155
0.0803171281290155
-0.0309824871713436
-0.0747194855994359
0.088357304227173
-0.721192598029789
-0.682653506899942
-0.653665674372188
-0.726484836848539
-0.694534110096304
-0.667209748107764
-0.64548527449658
-0.737977312189729
-0.484188693115124
0.632263659095572
0.734258066662152
0.559247778213168
-0.602748673125558
-0.901636957062326
-0.884235450188455
-0.872984368242422
-0.729225040963895
-0.717202660698654
-0.720239479300788
-0.144916600805163
-0.0992485937860931
-0.0632542895391766
-0.222861867348975
0.147739198267393
0.128497150520195
-0.0803058186736978
-0.204786157644309
0.169678404244605
-0.0424613426990677
0.141698297542868
-0.085098503172116
0.0667301860927464
-0.00792375249314584
0.146419131220679
-0.169335663346868
0.0143461720708445
-0.105693035967995
-0.0967092754729682
-0.0423181079782632
-0.0548303497968374
-0.731348533131935
-0.786062320321895
-0.739932395222129
-0.730002664153494
-0.796578518731355
-0.746637006996126
-0.747265427689844
-0.809908325963061
-0.742689151304914
0.760591617745632
0.83027549261874
0.799424779207836
-0.766813796605217
-0.916934348894223
-0.939545115888378
-0.919501877565938
-0.737540121153577
-0.808763717176308
-0.766349715087751
-0.015190658579531
0.0186689432880076
-0.0151123062176901
-0.072476393634415
0.0409185929438137
0.159666872922338
0.164731000845581
-0.162364494080083
0.200174940317975
0.0835283576270254
0.0802492405843008
-0.0286536933575332
0.052383068816264
0.0888026271256925
0.0335305237509215
0.036939291384175
0.0492723572603522
-0.113625269936235
-0.54822165976717
-0.591225327146546
-0.642655227166232
-0.558632605228031
-0.837828098220041
-0.54822165976717
-0.777465766425847
-0.702589578546208
0.132813314452206
-0.0695394969837687
0.0240420207662277
0.05858262032553
-0.0578901254381161
-0.54822165976717
-0.591225327146546
-0.642655227166232
-0.558632605228031
-0.837828098220041
-0.54822165976717
-0.777465766425847
-0.702589578546208
0.132813314452206
-0.0695394969837687
0.0240420207662277
0.05858262032553
-0.0578901254381161
-0.649417950650692
-0.627762945785391
-0.646943532929861
-0.638701760021827
-0.787591449073425
-0.649417950650692
-0.851143395900557
-0.69921697627519
-0.0616317492433916
0.0787587421124073
-0.0290364285833284
-0.0911724607428804
-0.0416730463538826
-0.60524856977632
-0.662533062898382
-0.630193402078694
-0.695172383775572
-0.730011545895564
-0.60524856977632
-0.834836825445684
-0.653655028888805
0.235401959044138
-0.0244571230785569
-0.0692356651424385
0.107610540547602
-0.0544489729651971
-0.762137610987416
-0.77799317279698
-0.792588947506114
-0.784624704719959
-0.802863364860258
-0.762137610987416
-0.931909308973114
-0.806533411928684
0.130669261885486
0.286483344408255
-0.226942639689219
-0.0574848482542525
-0.106689656521658
-0.622761658493734
-0.53749328145871
-0.665033506271952
-0.603356276555826
-0.528420009576204
-0.617874813333395
-0.590772247453255
-0.522201179756627
-0.632332520921891
-0.65154376602265
-0.65808060619233
-0.6356763001165
-0.855993019418745
-0.880225566673813
-0.913777010275483
-0.555229161044815
-0.825931263823377
-0.752468625264045
-0.839857719209846
-0.652568872132058
-0.649906038978557
-0.746767586701156
-0.200288915579336
-0.183854707645966
-0.204846236250567
-0.759939109518303
-0.797313654388096
-0.843845928996699
-0.2214691368263
0.015400588735675
0.0473098698476722
-0.135853217991138
-0.465003677724666
-0.268046531941767
-0.582227005482365
-0.241171035011655
-0.47953961978932
-0.818036094654419
-0.887510890695611
-0.858270655333126
-0.894101771797625
-0.914978953766618
-0.912811112066307
-0.946035198276046
-0.955802655168521
-0.821594785604625
-0.846779479853457
-0.914180750442373
-0.949309009464414
-0.824203169833818
-0.883133272385076
-0.787763224118613
-0.847368636830407
-0.860289572407185
-0.902754373244198
-0.897368801716749
-0.882704595718613
-0.902469620378678
-0.951462674819691
-0.758868807775291
-0.8368979149308
-0.880006008141197
-0.919977986946534
-0.7549929507442
-0.890747004278279
-0.857233732741213
-0.899391173398029
-0.925811181549034
-0.961894261804253
-0.963850562103214
-0.937673872739654
-0.941636653396543
-0.957863701978755
-0.853460606155306
-0.938914853717011
-0.954521835989416
-0.946014525351976
-0.843297377965599
-0.959808394165162
-0.656713524546605
-0.628961179980356
-0.743608246170053
-0.654979816705833
-0.612243590244114
-0.780928428167213
-0.594990831765785
-0.624021157206917
-0.764487260336202
-0.711609033648731
-0.682104723953501
-0.801159275192704
-0.882722042078124
-0.860233763381636
-0.884441536616856
-0.620250098992747
-0.850154122443228
-0.827338557560067
-0.930738116017043
-0.634120706978587
-0.719893556985737
-0.771494743232887
-0.266934403181862
-0.265555351903177
-0.365422543326297
-0.414055733566366
-0.396892902223517
-0.324540246625886
-0.0477062917542325
-0.213392904926883
-0.123828014584147
-0.315459909295403
-0.713192262788805
-0.399771004761536
-0.823099370133193
-0.487741785527415
-0.815881292637033
-0.867790166049472
-0.886610577630741
-0.873657339011977
-0.897512744293261
-0.921781011230935
-0.90298054491246
-0.945086711251772
-0.984548947264492
-0.86824127624315
-0.854673657378944
-0.907546665670317
-0.943050607583843
-0.846111263779328
-0.862219084822611
-0.834576479630323
-0.868761989366437
-0.836442771734634
-0.908162317713642
-0.915844731172172
-0.877044705834585
-0.923283022654626
-0.971320000632159
-0.842036570597375
-0.837360471943564
-0.879073946132653
-0.929346907479852
-0.813082987201659
-0.895721790432304
-0.900659270891659
-0.899306858802552
-0.931416929759977
-0.963375394737518
-0.967359407929119
-0.94238752017479
-0.932343820732984
-0.971368058833576
-0.878602779791543
-0.947071070800665
-0.957632641155889
-0.932524730914992
-0.899216849758033
-0.961144851382853
-0.672094306818974
-0.70621663959074
-0.644192752866115
-0.738594816501343
-0.674226934551517
-0.690446312501126
-0.687956742007122
-0.712145127017483
-0.640920499683918
-0.73545456021797
-0.733671650033348
-0.764204237525595
-0.931548457275658
-0.900716098214293
-0.908750956159249
-0.660284332246048
-0.915446550793456
-0.885434275295097
-0.869633116428712
-0.707326722844704
-0.753796308535432
-0.696860736305486
-0.0931789304228372
-0.0467370743210457
-0.14912590076738
-0.878855551616371
-0.801152006298864
-0.807862162566074
-0.101042702224631
-0.174277577553958
-0.0513928953203266
-0.176754696990741
-0.494010005471128
-0.178470808803399
-0.533051994016485
-0.21364798048177
-0.533094354557375
-0.929211084279823
-0.907558742847356
-0.920128061663657
-0.958904072537139
-0.949987460863967
-0.95221939789232
-0.964051241269152
-0.975361338116856
-0.919865699659899
-0.918990186549277
-0.945868204962958
-0.969055794042334
-0.916880710048364
-0.954693114347121
-0.878465042808816
-0.957397288479445
-0.959814576101447
-0.967476400834062
-0.97764929436353
-0.958081731538295
-0.952407061115302
-0.976085134578619
-0.890460317703709
-0.952559766594893
-0.97340266556054
-0.956190288305515
-0.878993883045636
-0.966813376008059
-0.899208173289766
-0.93286344807225
-0.931869942946665
-0.965562917247791
-0.971109659710652
-0.960489366972997
-0.951314358319516
-0.969396888562191
-0.881620222122505
-0.918364589839534
-0.96815066392475
-0.959176242468754
-0.8730243443739
-0.966367704040198
-0.585962696268539
-0.659531216655476
-0.596119713735426
-0.756505645907433
-0.890588103055316
-0.585962696268539
-0.821867375904587
-0.694915906166169
-0.190127927670803
-0.752577250182154
0.0768760112631957
-0.352429109413769
-0.632129027088649
-0.620789916331592
-0.640076803144351
-0.614293255936873
-0.682695734240631
-0.803308386604057
-0.620789916331592
-0.840996482490485
-0.676629000973868
-0.338469345900311
-0.877799815764443
0.173219742700723
-0.298597798027438
-0.601659034124411
-0.697411069729937
-0.699976372277643
-0.681013664076159
-0.734623485951375
-0.888701277621274
-0.697411069729937
-0.881301212126721
-0.722124967767466
-0.0762786849505127
-0.886999236088164
-0.0415636227771787
-0.2642790290978
-0.575866316443354
-0.779767633083527
-0.792190209274884
-0.773403657796535
-0.809934371803816
-0.871201213209098
-0.779767633083527
-0.937898377778435
-0.772714631795845
-0.2743387562279
-0.900033443405573
0.126707820497791
-0.298591856415743
-0.617700064090993
0.00770513730366637
0.00264770963963395
0.0176831301958708
-0.00921912899702262
-0.496522166185746
0.0632551738495058
-0.0542842821505305
3.62462374987863
